0	0.918711	-9.841152
1	0.947196	-9.870925
2	0.940257	-9.845691
3	0.906097	-9.853561
4	0.934756	-9.831766
5	0.982636	-9.839191
6	0.964354	-9.863331
7	0.926706	-9.907248
8	0.923142	-9.905765
9	0.847691	-9.954859
10	0.818227	-9.935163
11	0.802535	-9.874816
12	0.925928	-9.913739
13	0.981684	-9.865898
14	0.949006	-9.953069
15	0.897881	-9.891287
16	0.857423	-9.889896
17	0.806434	-9.947085
18	0.891261	-9.912920
19	0.658549	-9.976512
20	0.696052	-9.968839
21	0.647713	-10.059991
22	0.621264	-10.206369
23	0.700776	-10.075818
24	0.687835	-10.075878
25	0.689365	-10.095928
26	0.726291	-10.073483
27	0.672150	-9.983531
28	0.714165	-9.989246
29	0.660539	-10.087588
30	0.603852	-10.084759
31	0.669716	-10.020991
32	0.622429	-10.063483
33	0.654954	-10.058646
34	0.636056	-10.069806
35	0.681866	-10.029536
36	0.627630	-10.074200
37	0.723217	-9.965815
38	0.675021	-9.885526
39	0.739811	-9.923269
40	0.665896	-9.909277
41	0.652607	-9.955493
42	0.658177	-9.924953
43	0.702166	-9.952724
44	0.726436	-10.018197
45	0.681479	-9.973335
46	0.685828	-9.965701
47	0.738100	-9.981817
48	0.776462	-9.937234
49	0.776868	-9.971922
50	0.804316	-9.886194
51	0.797600	-9.858271
52	0.830231	-9.864537
53	0.959923	-9.894766
54	0.833120	-9.901811
55	0.858551	-9.862910
56	0.909962	-9.903812
57	1.002649	-9.877424
58	0.921765	-9.968412
59	-179.188858	0.940761
60	-177.542648	4.362479
61	-176.943237	4.835821
62	-175.983963	5.267788
63	-174.736923	6.008695
64	-173.000183	6.441978
65	-171.634201	7.034714
66	-170.920135	7.237308
67	-173.202988	5.486537
68	-174.564911	4.466177
69	-174.655640	4.599964
70	-174.846527	4.583146
71	-174.785248	4.857845
72	-174.616486	5.127860
73	-172.821716	6.863132
74	-172.754166	6.563796
75	-173.072998	6.436546
76	-174.624161	5.065343
77	-174.977905	4.939622
78	-175.787827	4.054312
79	-176.589844	2.906242
80	-176.879684	2.357191
81	-177.010162	2.051876
82	-176.302887	3.053418
83	-175.350891	4.320098
84	-175.233322	4.641564
85	-174.825272	5.007462
86	-174.840729	5.092693
87	-174.890915	5.080366
88	-174.924423	5.114240
89	-175.223282	4.815110
90	-175.476898	4.436208
91	-175.463989	4.405699
92	-175.554718	4.258335
93	-175.547714	4.305320
94	-175.423462	4.582846
95	-175.564514	4.514655
96	-175.508194	4.602520
97	-175.520294	4.651073
98	-175.378632	4.727777
99	-175.115768	5.036609
100	-175.122467	5.090152
101	-174.972763	5.350351
102	-174.914658	5.359768
103	-175.020401	5.286703
104	-174.993759	5.327411
105	-175.101807	5.198994
106	-175.320328	5.040040
107	-175.259888	5.183688
108	-175.229858	5.146347
109	-175.224350	5.070096
110	-174.913528	5.274931
111	-174.962616	5.263116
112	-174.897263	5.260716
113	-175.055145	5.094288
114	-174.943390	5.118289
115	-174.903290	5.126338
116	-174.784378	5.164855
117	-174.788834	5.465575
118	-174.872131	5.310949
119	-174.879898	5.382228
120	-175.048401	5.193128
121	-174.731293	5.505595
122	-174.848541	5.464887
123	-175.145782	5.079234
124	-175.140701	5.115835
125	-175.175797	5.029368
126	-175.319443	4.943928
127	-174.675446	5.650661
128	-175.086548	5.324078
129	-173.017288	6.888379
130	-172.903412	6.844123
131	-174.312454	5.867089
132	-173.152252	6.763654
133	-173.400742	6.640288
134	-173.412109	6.632544
135	-173.442902	6.685504
136	-173.326477	6.703433
137	-173.152313	6.763345
138	-173.420990	6.666613
139	-172.820114	6.952631
140	-172.717789	6.927649
141	-174.546936	5.690563
142	-172.834915	6.953281
143	-174.556076	5.645851
144	-174.646042	5.494773
145	-174.896103	5.279471
146	-174.938934	5.336000
147	-175.032837	5.257482
148	-175.069229	5.269416
149	-174.851562	5.364062
150	-174.996185	5.271035
151	-173.273376	6.568371
152	-173.322952	6.605459
153	-174.522522	5.832923
154	-173.122482	6.695803
155	-172.788483	6.833785
156	-174.338791	5.467834
157	-175.080399	4.611355
158	-175.036850	4.923666
159	-175.440659	4.505150
160	-175.428772	4.380289
161	-175.625702	4.030069
162	-175.686249	3.924663
163	-175.608307	3.947003
164	-175.738647	3.739633
165	-176.016663	3.683372
166	-176.165207	3.608419
167	-176.303314	3.664137
168	-175.688934	4.309084
169	-175.933838	4.190899
170	-176.000107	4.226357
171	-176.098572	4.241667
172	-175.733643	4.674414
173	-175.775070	4.639469
174	-175.525146	4.988368
175	-175.324585	5.269984
176	-173.341232	6.821546
177	-173.287109	6.891632
178	-173.199829	6.846281
179	-173.388184	6.813346
180	-174.144760	6.436423
181	-173.950943	6.579269
182	-173.909241	6.575904
183	-174.204178	6.452673
184	-174.004364	6.577291
185	-174.056747	6.545202
186	-174.119461	6.511974
187	-174.182098	6.591998
188	-174.209381	6.605856
189	-174.400848	6.595934
190	-174.349182	6.624241
191	-174.281662	6.650581
192	-174.434937	6.599823
193	-174.412109	6.683249
194	-174.423676	6.715073
195	-174.306076	6.742104
196	-174.588821	6.840208
197	-174.391373	6.905784
198	-174.539505	7.176986
199	-174.731628	7.012912
200	-175.004333	7.132997
201	-175.012939	7.042103
202	-175.021027	7.130887
203	-175.990906	6.167782
204	-174.642532	7.442736
205	-174.435959	7.363029
206	-174.390533	7.268645
207	-174.202499	7.240648
208	-174.037430	7.316816
209	-174.334091	7.171905
210	-174.139603	7.136388
211	-174.592987	7.082085
212	-174.276321	7.280243
213	-174.548767	7.194506
214	-174.329788	7.157389
215	-174.388458	7.206395
216	-174.524460	6.971053
217	-174.858414	7.041865
218	179.289825	-2.494642
219	0.224091	-11.855463
220	0.351147	-10.907367
221	0.389719	-10.984026
222	0.506852	-10.695619
223	0.522064	-10.624614
224	0.443417	-10.926918
225	0.453622	-10.913528
226	0.557458	-10.556024
227	0.575331	-10.549019
228	0.423314	-10.660880
229	0.525904	-10.501079
230	0.553529	-10.574284
231	0.564425	-10.547716
232	0.654654	-10.404885
233	0.703741	-10.372429
234	0.670501	-10.300903
235	0.625018	-10.541434
236	0.526268	-10.674459
237	0.600257	-10.521174
238	0.627120	-10.500738
239	0.636624	-10.398790
240	0.658301	-10.383576
241	0.452142	-10.611002
242	0.504515	-10.811377
243	0.494532	-10.712854
244	0.462657	-10.600859
245	0.465901	-10.556905
246	0.527564	-10.701777
247	0.680020	-10.591786
248	0.603517	-10.512035
249	0.468739	-10.588914
250	0.695193	-10.407936
251	0.600594	-10.495249
252	0.801441	-10.271504
253	0.757087	-10.253719
254	0.694711	-10.330339
255	0.717469	-10.379474
256	0.731827	-10.291235
257	0.673946	-10.452435
258	0.804063	-10.353672
259	0.713260	-10.427382
260	0.776307	-10.433829
261	0.700442	-10.362368
262	0.663836	-10.484204
263	0.823861	-10.239085
264	0.779567	-10.152782
265	0.861190	-10.243161
266	0.873553	-10.286393
267	0.789830	-10.176773
268	0.776598	-10.239579
269	0.717211	-10.367562
270	0.835920	-10.076417
271	0.749783	-10.297990
272	0.890262	-10.056264
273	0.834527	-10.172874
274	0.832479	-10.115907
275	1.060486	-10.112353
276	1.002290	-10.084982
277	1.150376	-9.983228
278	1.138003	-10.007832
279	1.126742	-9.979032
280	1.100559	-10.011323
281	1.105095	-10.034812
282	1.211970	-9.959119
283	1.229314	-9.985272
284	1.182282	-10.029942
285	1.148230	-9.989531
286	1.105354	-9.968983
287	1.165930	-9.984530
288	1.249376	-9.955159
289	1.035580	-10.104164
290	1.014482	-10.023400
291	0.985064	-10.016263
292	1.021743	-10.077621
293	1.012205	-10.074172
294	0.966648	-10.080041
295	1.026851	-10.019367
296	0.944279	-10.056054
297	1.030090	-10.032185
298	1.063030	-10.018704
299	1.059052	-10.145205
300	1.025816	-10.074740
301	1.076920	-10.135159
302	0.971256	-10.144899
303	0.910429	-10.116305
304	0.865262	-10.187716
305	0.776203	-10.220238
306	0.865791	-10.176363
307	0.891305	-10.108377
308	1.016232	-10.032064
309	1.013103	-10.082357
310	1.016202	-10.064988
311	1.019592	-10.039118
312	0.936380	-10.103155
313	0.921670	-10.158010
314	0.691096	-10.231125
315	0.809299	-10.184264
316	0.912235	-10.183926
317	0.855263	-10.159453
318	0.869607	-10.161975
319	0.836410	-10.159088
320	0.911720	-10.220149
321	0.931509	-10.139158
322	0.802976	-10.240690
323	0.922046	-10.068039
324	0.756388	-10.248826
325	0.831807	-10.125644
326	0.792225	-10.135502
327	0.788977	-10.220377
328	0.803149	-10.265271
329	0.915072	-10.192063
330	0.859219	-10.093284
331	0.774196	-10.273341
332	0.826431	-10.108222
333	0.741496	-10.297567
334	0.762461	-10.266150
335	0.801857	-10.147624
336	0.782973	-10.323651
337	0.830835	-10.322515
338	1.028974	-10.101721
339	0.888296	-10.165660
340	0.865318	-10.154821
341	0.878169	-10.105053
342	0.875542	-10.153929
343	0.925236	-10.101631
344	0.889343	-10.036709
345	0.870379	-10.146750
346	0.849522	-10.135815
347	0.873278	-10.151582
348	0.797947	-10.300275
349	0.500363	-10.457183
350	0.637583	-10.519018
351	0.606422	-10.647806
352	0.566738	-10.584047
353	0.482032	-10.771014
354	0.671856	-10.502852
355	0.750404	-10.481797
356	0.595110	-10.614375
357	0.553628	-10.499193
358	0.683212	-10.351604
359	0.698076	-10.460269
360	0.558340	-10.511827
361	0.567298	-10.559243
362	0.536172	-10.456251
363	0.700355	-9.965326
364	0.826797	-10.415202
365	0.677247	-10.414698
366	0.830159	-10.322071
367	0.635326	-10.301081
368	0.728366	-10.338878
369	0.794178	-10.402622
370	0.739145	-10.274193
371	0.710865	-10.265853
372	0.630225	-10.526724
373	0.554130	-10.462735
374	0.371165	-10.702565
375	0.525355	-10.697158
376	0.467719	-10.580205
377	0.389140	-10.762622
378	0.642640	-10.518035
379	0.498948	-10.595866
380	0.364720	-10.658086
381	0.584371	-10.674168
382	0.585690	-10.592181
383	0.669880	-10.516669
384	0.536855	-10.637907
385	0.770085	-10.366090
386	0.618466	-10.450739
387	0.594457	-10.576355
388	0.438334	-10.634148
389	0.419172	-10.619884
390	0.664516	-10.514431
391	0.615020	-10.373957
392	0.689047	-10.428386
393	0.406146	-10.916870
394	0.372764	-10.918497
395	0.538263	-10.525909
396	0.508359	-10.517036
397	0.496069	-10.726732
398	0.605488	-10.579191
399	0.474576	-10.587474
400	0.700438	-10.464321
401	0.716024	-10.413416
402	0.737426	-10.299598
403	0.854429	-10.295147
404	0.830996	-10.177175
405	0.837711	-10.309258
406	0.892159	-10.137011
407	0.953385	-10.105243
408	0.651199	-10.484013
409	0.735282	-10.495843
410	0.746741	-10.353799
411	0.724201	-10.397216
412	0.822733	-10.302530
413	0.681577	-10.313209
414	0.637155	-10.461668
415	0.583920	-10.422856
416	0.738156	-10.337252
417	0.814185	-10.194140
418	0.793455	-10.320087
419	0.655049	-10.366442
420	0.594053	-10.326463
421	0.724154	-10.509398
422	0.590627	-10.504818
423	0.598090	-10.616560
424	0.581993	-10.597925
425	0.690839	-10.542033
426	0.608151	-10.700352
427	0.694515	-10.587325
428	0.633609	-10.652815
429	0.678904	-10.403378
430	0.775786	-10.236698
431	0.719357	-10.361666
432	0.796769	-10.225574
433	0.740039	-10.227053
434	0.718378	-10.424565
435	0.900162	-10.147341
436	0.799448	-10.114694
437	0.940870	-10.016273
438	1.023830	-10.042049
439	1.013922	-9.999716
440	1.011875	-9.988722
441	1.009931	-9.946410
442	1.020363	-9.967299
443	1.007432	-9.939323
444	0.973194	-9.941662
445	1.017018	-9.978653
446	1.026886	-9.962329
447	1.001462	-10.031746
448	1.024935	-9.991179
449	1.000682	-10.015366
450	0.936069	-9.970898
451	0.961113	-9.962890
452	0.909018	-10.023402
453	0.928158	-9.987301
454	0.933029	-9.986064
455	0.994756	-9.975640
456	0.951292	-10.016097
457	0.991589	-9.996423
458	0.945934	-9.960793
459	0.947152	-9.927773
460	0.925059	-9.964778
461	0.953509	-9.939311
462	0.898708	-9.999716
463	0.894700	-9.999746
464	0.895560	-9.996403
465	0.843782	-10.073491
466	0.861102	-10.089728
467	0.845168	-10.039891
468	0.816966	-10.066031
469	0.767178	-10.132306
470	0.815679	-10.113027
471	0.895164	-10.116666
472	0.864175	-10.109801
473	0.818936	-10.067316
474	0.712434	-10.144465
475	0.788086	-9.947471
476	0.774592	-10.132493
477	0.694212	-10.198943
478	0.741296	-10.139876
479	0.619050	-10.337213
480	0.692082	-10.213590
481	0.648319	-10.565955
482	0.620079	-10.382250
483	0.575088	-10.484492
484	0.500169	-10.575939
485	0.539625	-10.396091
486	0.483848	-10.410986
487	0.443671	-10.670776
488	0.416231	-10.648439
489	0.401892	-10.629428
490	0.471562	-10.579829
491	0.584671	-10.555178
492	0.549482	-10.440949
493	0.520166	-10.629706
494	0.547350	-10.349627
495	0.373230	-10.562406
496	0.465145	-10.424013
497	0.419619	-10.315546
498	0.641072	-10.175962
499	0.563855	-10.293350
500	0.445428	-10.331336
501	0.620588	-10.315929
502	0.452385	-10.444680
503	0.486068	-10.462708
504	0.609656	-10.276379
505	0.547252	-10.337514
506	0.663113	-10.126731
507	0.674162	-10.291039
508	0.647420	-10.170087
509	0.586843	-10.139179
510	0.623235	-10.182883
511	0.652971	-10.179277
512	0.814656	-10.157832
513	0.712492	-10.065754
514	0.687896	-10.101776
515	0.656648	-10.237676
516	0.546115	-10.278693
517	0.557837	-10.270837
518	0.634829	-10.196427
519	0.651523	-10.113831
520	0.643966	-10.169195
521	0.679950	-10.125956
522	0.670880	-10.146580
523	0.590484	-10.138054
524	0.711795	-10.147911
525	0.693293	-10.181694
526	0.639504	-10.176067
527	0.664801	-10.080833
528	0.629752	-10.082715
529	0.634655	-10.345206
530	0.602049	-10.153634
531	0.672637	-10.068846
532	0.599848	-10.274898
533	0.482725	-10.181674
534	0.685027	-10.044681
535	0.694186	-10.036607
536	0.789510	-10.034284
537	0.831640	-9.984531
538	0.847319	-9.974484
539	0.861626	-9.936085
540	0.796321	-10.058069
541	0.861940	-10.002414
542	0.831460	-9.978254
543	0.823025	-9.932671
544	0.755791	-9.985929
545	0.782106	-9.941105
546	0.830288	-9.966656
547	0.845770	-9.952438
548	0.803221	-10.038395
549	0.802786	-9.984922
550	0.807142	-9.604603
551	0.785553	-9.976496
552	0.819980	-10.019629
553	0.867922	-9.958552
554	0.829452	-10.003139
555	0.803084	-9.961993
556	0.876174	-9.997189
557	0.795556	-10.022431
558	0.849875	-9.980025
559	0.868609	-9.983495
560	0.752657	-9.983105
561	0.836633	-9.977403
562	0.867700	-9.993127
563	0.844129	-9.958996
564	0.848449	-10.012453
565	0.827168	-9.990265
566	0.821375	-10.000453
567	0.775692	-10.128068
568	0.773269	-10.045882
569	0.809352	-9.997677
570	0.864763	-9.999325
571	0.809779	-9.979732
572	0.829114	-9.942529
573	0.853779	-10.041709
574	0.892089	-9.956089
575	1.019772	-9.916430
576	0.943402	-9.955529
577	0.949733	-9.914426
578	0.890500	-9.898720
579	0.872778	-9.919539
580	0.867592	-9.886769
581	0.839159	-9.988482
582	0.778028	-10.014069
583	0.844815	-9.949533
584	0.868649	-9.942554
585	0.868171	-9.998786
586	0.837787	-9.996732
587	0.825894	-10.069249
588	0.875720	-9.983489
589	0.699497	-10.141295
590	0.831722	-10.061703
591	0.539958	-10.118588
592	0.520766	-10.338631
593	0.798528	-10.035959
594	0.738958	-10.025088
595	0.775161	-10.087041
596	0.852074	-10.032642
597	0.893195	-9.936872
598	0.830467	-10.050388
599	0.813736	-9.994586
600	0.797303	-10.071595
601	0.645626	-10.201160
602	0.733177	-10.130889
603	0.604789	-10.148893
604	0.663009	-10.269915
605	0.643824	-10.262589
606	0.500153	-10.260057
607	0.589315	-10.329609
608	0.637600	-10.173661
609	0.444052	-10.380281
610	0.546953	-10.331567
611	0.447359	-10.376851
612	0.632646	-10.320883
613	0.637612	-10.273847
614	0.653744	-10.293826
615	0.583049	-10.412827
616	0.604940	-10.258935
617	0.683371	-10.307709
618	0.609968	-10.311071
619	0.747722	-10.229836
620	0.695993	-10.142350
621	0.748770	-10.102636
622	0.800240	-10.029269
623	0.707285	-10.110979
624	0.860428	-10.080821
625	-0.531290	-11.041621
626	0.845855	-10.023409
627	0.809137	-9.997205
628	0.744569	-10.143583
629	0.821096	-10.117128
630	0.734896	-10.104285
631	0.735397	-10.104630
632	0.736948	-10.223211
633	0.629601	-10.276716
634	0.688224	-10.179942
635	0.692142	-10.156870
636	0.688260	-10.154959
637	0.730127	-10.107561
638	0.682659	-10.113130
639	0.754754	-10.100701
640	0.806680	-10.122053
641	0.773239	-10.012955
642	0.796629	-10.036029
643	0.850930	-10.034657
644	0.796980	-9.997747
645	0.851917	-9.992296
646	0.803017	-9.987609
647	0.826190	-10.028020
648	0.821214	-9.997434
649	0.810346	-9.960508
650	0.882055	-9.978755
651	0.879631	-9.985282
652	0.856685	-9.976163
653	0.874869	-9.891998
654	0.816458	-9.883001
655	0.874074	-9.901683
656	0.857820	-9.944611
657	0.771038	-10.014397
658	0.752174	-10.150798
659	0.831687	-9.997896
660	0.785252	-10.037724
661	0.849298	-10.009109
662	0.794523	-10.021483
663	0.795687	-10.057954
664	0.798670	-10.091888
665	0.738202	-10.028774
666	0.794358	-10.054872
667	0.754594	-10.037758
668	0.730151	-10.140808
669	0.620367	-10.194080
670	0.534417	-10.119648
671	0.630477	-10.270103
672	0.577794	-10.372913
673	0.517972	-10.525330
674	0.535315	-10.313480
675	0.244891	-10.563795
676	0.432513	-10.339872
677	0.425274	-10.524510
678	0.336664	-10.324979
679	0.363094	-10.411797
680	0.557936	-10.426393
681	0.588591	-10.178315
682	0.556196	-10.305456
683	0.584898	-10.340436
684	0.594227	-10.187510
685	0.465514	-10.332585
686	0.504974	-10.259158
687	0.564353	-10.351044
688	0.367552	-10.368989
689	0.482973	-10.392229
690	0.539795	-10.430997
691	0.365795	-10.500303
692	0.323700	-10.777920
693	0.308249	-10.631801
694	0.182748	-10.829494
695	0.259334	-10.696018
696	0.406006	-10.665178
697	0.339295	-10.575286
698	0.417604	-10.542527
699	0.187953	-10.653207
700	0.326838	-10.618759
701	0.262719	-10.559774
702	0.332987	-10.591223
703	0.317499	-10.804482
704	0.472099	-10.401737
705	0.546190	-10.315688
706	0.465307	-10.486429
707	0.557563	-10.404637
708	0.360942	-10.450413
709	0.367101	-10.775145
710	0.284060	-10.791368
711	0.007016	-10.947755
712	-0.249929	-11.506742
713	-0.005131	-11.214469
714	-0.040011	-11.399530
715	-0.155703	-11.098250
716	-0.190211	-11.237226
717	-0.073445	-11.104795
718	-0.240918	-11.208555
719	-0.266955	-11.204718
720	-1.209784	-14.523873
721	-0.478326	-11.572433
722	-4.408656	-17.047894
723	-1.285065	-12.665412
724	-1.676420	-13.436414
725	-1.757541	-13.865772
726	-2.522093	-15.600373
727	-177.164169	-15.465366
728	-2.051013	-13.089736
729	-1.904930	-13.247659
730	-173.197403	-15.905663
731	178.414215	-1.331068
732	-178.287506	-10.046611
733	-178.530334	-9.611598
734	178.290253	-1.698418
735	179.707565	-5.985663
736	179.647491	-5.867226
737	-178.677719	-8.800576
738	-48.045731	-19.089516
739	-175.341400	-12.419326
740	-175.902283	-11.757904
741	-170.365646	-14.567457
742	-27.913006	-18.770536
743	-173.293320	-15.600687
744	179.942719	-7.716615
745	-11.480680	-18.120853
746	-178.621475	-12.044158
747	-13.004092	-18.086767
748	-3.808622	-15.112595
749	-177.436554	-11.080723
750	-2.916970	-14.309480
751	177.962158	3.202387
752	-168.195496	-16.008347
753	-11.040088	-18.081585
754	-16.553242	-18.431890
755	-13.934723	-18.313517
756	-16.119642	-18.519587
757	-179.772095	-10.302399
758	-3.549090	-15.598894
759	-1.193586	-11.918847
760	-2.844664	-14.505170
761	-4.813886	-16.547405
762	-5.034409	-16.938131
763	179.272827	-6.371198
764	-169.317612	-15.577806
765	-176.785965	-11.740988
766	-177.026825	-12.366931
767	178.920334	-4.554536
768	-173.166977	-14.836737
769	179.640961	-8.007836
770	179.056229	-5.459031
771	179.334732	-5.416168
772	179.823883	-6.559853
773	-174.943649	-12.916792
774	-178.817368	-9.133719
775	-179.697998	-7.474124
776	-165.247147	-16.206135
777	-16.496264	-18.414562
778	-168.886597	-15.806902
779	-173.690659	-13.582407
780	-29.455292	-18.683590
781	-8.079029	-17.422066
782	-2.474163	-13.902711
783	-1.262788	-11.687304
784	-1.368347	-11.819086
785	-2.271434	-13.672322
786	-2.264552	-13.423392
787	-2.585654	-14.082806
788	-2.379457	-13.139502
789	-3.469968	-15.624585
790	-1.621393	-12.498837
791	-2.529031	-15.267667
792	-1.939045	-13.863891
793	-1.616195	-12.964638
794	-1.940625	-14.193403
795	-160.326462	-17.835674
796	-3.819913	-16.104555
797	-2.218804	-13.805140
798	-1.634057	-12.742555
799	-19.557241	-18.590103
800	-2.489374	-14.462013
801	-1.548987	-12.794275
802	-0.963953	-11.551674
803	-2.078501	-15.280235
804	-0.687732	-12.045053
805	-0.779449	-11.630538
806	-0.909359	-11.587092
807	-6.009640	-17.834244
808	-11.755210	-18.198570
809	-1.738035	-12.695166
810	-1.739977	-12.472836
811	-2.960783	-14.683920
812	-2.091686	-13.331969
813	-1.324636	-12.009453
814	-1.818171	-13.155808
815	-1.383616	-11.956997
816	-0.864840	-11.329534
817	-0.376156	-11.197266
818	-0.541128	-11.404827
819	-0.672018	-12.359840
820	-1.678998	-13.162909
821	-1.024859	-11.617907
822	-0.639516	-11.555099
823	-0.347288	-11.028801
824	-0.089369	-11.310484
825	-0.099356	-11.381351
826	-0.245667	-11.160582
827	-0.023485	-10.932302
828	-0.466986	-11.479585
829	-0.381833	-11.232729
830	-0.284969	-11.330913
831	0.090754	-10.979464
832	-0.231778	-11.036904
833	-0.030991	-11.118399
834	-0.443588	-11.476641
835	-1.392317	-13.333084
836	-1.366661	-12.771245
837	-1.727040	-12.735252
838	-1.408322	-12.116900
839	-14.575028	-18.338238
840	179.454361	-7.423918
841	-9.423748	-17.944332
842	-6.382030	-17.121716
843	-10.117537	-17.743006
844	-6.783809	-17.099463
845	-5.571756	-16.660864
846	-23.428108	-18.627375
847	-2.196461	-13.513042
848	-2.987266	-15.617968
849	-2.428992	-13.017685
850	-1.365320	-11.404887
851	-5.242263	-16.103764
852	-3.162563	-14.255354
853	-171.510330	-15.148088
854	-168.835266	-16.166672
855	-23.679840	-18.992468
856	-20.549267	-18.706612
857	-24.898714	-18.979181
858	-142.970520	-18.067440
859	-130.352081	-18.378613
860	-119.322990	-18.637703
861	-159.431183	-16.846502
862	-13.802155	-18.265825
863	-111.243256	-18.775511
864	179.307541	-6.292273
865	-4.589610	-15.713426
866	-68.110435	-18.974731
867	-15.546080	-18.418959
868	-10.729184	-17.913610
869	-23.475756	-18.815754
870	179.276993	-6.148037
871	-10.363911	-17.920879
872	-4.540476	-15.631629
873	-5.585086	-16.225771
874	-10.252493	-18.000227
875	-2.908523	-15.798048
876	-3.171188	-14.552835
877	-2.361843	-13.486280
878	-2.970397	-15.981334
879	-1.020702	-11.717724
880	-2.919962	-15.469371
881	-2.762753	-15.534250
882	-3.209734	-15.517804
883	-4.041767	-15.784210
884	-6.443240	-17.029593
885	-3.417061	-15.321758
886	-22.411081	-18.621481
887	-24.318108	-18.664068
888	-3.265874	-15.188746
889	-175.691620	-15.448160
890	-1.625046	-12.966588
891	-5.746667	-17.144665
892	-1.405440	-12.220608
893	-3.802258	-16.122446
894	-5.101995	-17.028837
895	-3.000480	-15.378977
896	-1.331029	-12.496314
897	-1.311477	-12.369286
898	-2.984890	-15.217422
899	-3.305153	-15.977023
900	-1.587255	-13.135871
901	-1.425898	-12.539676
902	-1.097375	-12.443974
903	-1.605381	-12.661629
904	-2.991409	-15.520574
905	-1.790264	-12.633080
906	-174.411453	-15.700062
907	-3.880433	-15.577945
908	-10.145167	-18.023508
909	-4.451568	-16.098654
910	-3.958982	-15.513385
911	-15.246756	-18.383015
912	-2.907964	-13.488580
913	-172.318848	-15.335033
914	-174.400009	-13.974784
915	-12.943480	-18.208782
916	-26.490389	-18.772810
917	178.868317	-3.643321
918	-18.250525	-18.584274
919	-23.179216	-18.752771
920	-24.143793	-19.423386
921	-26.138750	-18.987812
922	-23.363552	-18.741720
923	-17.459822	-18.424786
924	-24.283827	-18.864361
925	-40.723255	-19.035555
926	-20.674648	-18.680399
927	-16.164600	-18.415604
928	-179.807724	-9.101892
929	-16.954275	-18.742170
930	-19.928782	-18.500166
931	-19.859051	-18.890564
932	-17.915483	-18.967312
933	-19.450027	-18.571142
934	-15.007320	-18.145359
935	-19.392820	-19.301868
936	-17.700081	-19.120131
937	-16.568682	-18.334850
938	-131.917114	-18.448839
939	-17.555555	-18.463179
940	-34.502506	-18.993305
941	-22.554499	-18.809107
942	-42.571175	-19.168291
943	-25.170069	-18.771606
944	-30.944441	-18.973190
945	-19.797644	-18.622864
946	-16.266462	-18.383184
947	-19.391199	-18.534124
948	-175.942230	-13.768873
949	-14.140400	-18.022242
950	-14.572739	-18.157635
951	-179.001022	-10.753786
952	-20.360344	-18.635975
953	-178.697739	-11.106061
954	-13.381214	-17.982121
955	-16.945057	-18.377251
956	-15.811026	-18.296930
957	-12.671243	-17.812052
958	-12.781270	-17.685141
959	-12.400297	-17.823933
960	-11.582708	-17.717005
961	-11.196176	-17.992031
962	-11.470230	-17.529366
963	-172.204590	-17.406742
964	-12.226930	-18.629744
965	-100.910095	-20.369583
966	-10.920733	-17.953907
967	-15.617600	-19.061005
968	-14.193581	-18.229496
969	-14.199582	-18.247025
970	-19.316498	-18.574482
971	-14.143515	-18.076954
972	-19.271812	-18.903425
973	-13.801506	-18.092594
974	-13.269504	-18.571276
975	-13.788443	-18.085417
976	-12.603206	-17.860592
977	-12.708303	-18.013680
978	-16.058403	-18.583195
979	-15.295776	-18.261919
980	-22.954998	-18.711552
981	-15.287088	-18.296793
982	-20.610256	-18.632185
983	-35.020191	-18.993343
984	-55.602051	-19.152561
985	-24.187851	-18.705349
986	-87.409531	-18.990870
987	-165.598465	-16.962303
988	-42.882603	-19.008947
989	-27.655310	-18.827557
990	-12.236177	-18.007866
991	-98.753601	-18.890036
992	-15.210330	-18.322773
993	179.152496	-5.807611
994	-163.447800	-16.739405
995	-175.820633	-14.858413
996	-173.641922	-14.704035
997	-3.594639	-15.465969
998	-5.455609	-17.007771
999	-1.820031	-13.617126
1000	-1.094218	-12.299490
1001	-0.930558	-11.674066
1002	-1.279638	-13.026458
1003	-0.868499	-11.723471
1004	-1.015546	-12.529171
1005	-0.414318	-12.149571
1006	-0.157317	-11.111397
1007	-0.355204	-11.711485
1008	-0.142896	-12.689363
1009	0.035818	-10.831561
1010	0.321298	-10.479462
1011	0.141889	-10.620180
1012	0.322411	-10.635262
1013	0.227527	-10.703288
1014	-0.025686	-10.794168
1015	-0.154334	-11.072769
1016	-0.389955	-11.796688
1017	-0.105743	-10.875963
1018	0.241512	-10.537483
1019	0.319844	-10.518987
1020	0.352814	-10.493288
1021	0.308633	-10.371925
1022	0.467131	-10.402173
1023	0.240803	-10.493477
1024	0.114360	-10.886330
1025	0.230086	-10.581944
1026	0.386665	-10.379162
1027	0.272301	-10.461296
1028	0.262045	-10.539119
1029	0.136222	-10.728109
1030	0.288005	-10.638310
1031	0.371352	-10.618391
1032	0.460977	-10.583031
1033	0.363170	-10.674938
1034	0.453434	-10.602730
1035	0.254525	-10.592471
1036	0.379285	-10.320825
1037	0.522138	-9.889495
1038	0.279930	-10.521156
1039	0.363925	-10.509417
1040	0.426101	-10.469356
1041	0.533433	-10.320526
1042	0.456540	-10.442324
1043	0.436099	-10.457986
1044	0.487320	-10.564056
1045	0.439355	-10.645370
1046	0.592655	-10.385870
1047	0.554005	-10.635504
1048	0.356179	-10.545522
1049	0.478180	-10.545157
1050	0.486023	-10.539937
1051	0.605250	-10.427280
1052	0.571892	-10.602079
1053	0.573433	-10.512283
1054	0.628235	-10.245729
1055	0.605478	-10.338342
1056	0.557423	-10.376884
1057	0.438589	-10.562407
1058	0.395123	-11.137856
1059	0.473892	-10.419229
1060	0.681965	-10.340191
1061	0.563663	-10.348662
1062	0.512046	-10.443476
1063	0.415958	-10.435561
1064	0.533475	-10.507466
1065	0.685111	-10.316892
1066	0.703401	-10.252039
1067	0.656800	-10.360075
1068	0.550899	-10.203938
1069	0.553637	-10.320465
1070	0.611325	-10.417825
1071	0.498041	-10.320683
1072	0.496890	-10.276034
1073	0.365692	-10.437470
1074	0.379160	-10.412120
1075	0.244614	-10.618961
1076	0.137389	-10.787209
1077	0.111296	-10.719640
1078	0.113703	-10.704320
1079	0.094159	-10.844343
1080	0.430572	-10.310985
1081	0.234759	-10.545294
1082	0.328256	-10.308563
1083	0.154160	-10.766919
1084	0.185145	-10.714924
1085	0.039132	-10.756897
1086	0.332787	-10.259031
1087	0.214279	-10.388956
1088	0.321499	-10.474801
1089	-0.013124	-10.935942
1090	0.308016	-10.603109
1091	0.375996	-10.402802
1092	0.122419	-10.979827
1093	0.150030	-10.655087
1094	-0.068879	-11.236203
1095	0.201407	-10.528401
1096	0.332835	-10.438071
1097	-0.185383	-11.225824
1098	-0.030446	-10.996523
1099	-0.268756	-11.056239
1100	-0.346580	-11.192175
1101	-0.127412	-11.186773
1102	-0.225733	-11.491644
1103	-0.278544	-11.380449
1104	-0.321629	-11.748832
1105	0.260388	-10.563642
1106	0.209207	-10.696735
1107	0.163624	-10.841340
1108	0.139600	-10.746569
1109	-0.002703	-11.190049
1110	-0.074479	-11.026856
1111	-0.578825	-12.108985
1112	-1.161481	-14.245411
1113	-0.330805	-11.036328
1114	-1.910305	-15.364851
1115	178.524475	0.932106
1116	-1.884392	-15.002402
1117	-1.772831	-14.168720
1118	-0.778159	-11.953269
1119	-3.312413	-16.140303
1120	-0.852347	-12.203083
1121	-0.582875	-11.491818
1122	-0.478936	-11.468776
1123	-0.736238	-12.877886
1124	-0.613182	-11.452353
1125	-0.352262	-11.293724
1126	-0.289257	-11.003892
1127	-0.271851	-11.298019
1128	-1.615988	-15.261696
1129	-3.077331	-16.645668
1130	-2.711237	-16.919374
1131	-121.041679	-18.648973
1132	178.843842	-3.509097
1133	178.849396	-3.206081
1134	-9.524906	-18.412216
1135	-1.104192	-12.379845
1136	-1.051129	-13.818813
1137	179.776627	-12.674859
1138	-0.935504	-12.574128
1139	-0.393219	-11.809514
1140	-0.678713	-11.822792
1141	-0.746408	-12.782335
1142	-0.734742	-14.279018
1143	-0.123626	-11.140676
1144	-0.131893	-10.873079
1145	-0.226296	-11.221564
1146	-0.097413	-11.064595
1147	0.081026	-10.976191
1148	0.278092	-10.531178
1149	0.278471	-10.441581
1150	0.129209	-10.424018
1151	0.164290	-10.742648
1152	0.040870	-10.756318
1153	-0.049030	-10.955040
1154	0.176288	-10.455852
1155	-0.028534	-11.212333
1156	0.032990	-10.771299
1157	-0.117319	-11.171845
1158	-0.208923	-11.547859
1159	-0.140549	-11.004441
1160	-177.723083	-17.905416
1161	-0.369926	-11.278330
1162	-1.233863	-14.692628
1163	-0.937247	-14.216861
1164	-0.524953	-11.951479
1165	-0.920467	-13.245152
1166	-0.665051	-12.245628
1167	-0.575841	-11.729467
1168	-0.506309	-11.810442
1169	-0.652928	-11.465376
1170	-0.655812	-11.157297
1171	-0.963063	-14.035744
1172	-0.365181	-11.521369
1173	-1.107716	-13.676874
1174	-0.340816	-11.179317
1175	-0.352944	-11.244827
1176	-0.375480	-11.149052
1177	-0.380600	-11.526890
1178	-2.637343	-16.223043
1179	-0.133792	-11.004040
1180	-0.047670	-11.192816
1181	0.117604	-11.060179
1182	0.227467	-10.881362
1183	-0.020392	-10.909101
1184	-0.112896	-11.123081
1185	-0.158868	-11.470295
1186	-0.128514	-10.919761
1187	0.005834	-10.657878
1188	-0.162064	-10.982987
1189	-0.038686	-10.939530
1190	-0.037403	-10.747591
1191	-0.328349	-11.769077
1192	-0.546766	-11.803041
1193	-0.247868	-11.409379
1194	0.013065	-11.069590
1195	0.073229	-10.887358
1196	0.292315	-11.012429
1197	-0.062771	-11.190698
1198	0.024981	-10.918027
1199	-0.065364	-11.064329
1200	-0.428515	-11.581606
1201	-0.133218	-11.421303
1202	-0.274754	-11.508945
1203	-0.420049	-11.635496
1204	-0.372081	-11.759944
1205	-0.773762	-11.928442
1206	-1.271881	-13.917286
1207	178.954102	-4.531265
1208	-173.075195	-16.741014
1209	-174.282227	-17.069719
1210	178.801117	-2.982579
1211	179.877945	-11.261203
1212	179.092667	-5.640452
1213	179.112946	-6.173532
1214	-10.470956	-18.341219
1215	-1.467032	-14.139724
1216	-31.287386	-18.706688
1217	-0.829352	-12.744955
1218	-0.840108	-12.919709
1219	-0.611177	-11.211766
1220	-0.351849	-11.710174
1221	-0.000987	-11.059207
1222	0.064840	-10.891661
1223	-0.088395	-11.200005
1224	-0.359848	-12.281852
1225	-0.536874	-11.833096
1226	-179.076874	-15.577007
1227	178.814743	-2.432924
1228	-61.758156	-18.725563
1229	-1.822174	-16.886141
1230	-0.686512	-11.902060
1231	-0.225959	-11.386777
1232	-0.528086	-12.815178
1233	-0.284514	-11.611308
1234	0.023927	-10.823252
1235	-0.301226	-11.770403
1236	-0.275977	-11.183503
1237	-0.125592	-11.023516
1238	-0.189693	-11.054731
1239	-0.327148	-11.919375
1240	-0.268808	-12.110837
1241	-0.047352	-11.101807
1242	0.099415	-10.941190
1243	0.429626	-10.491565
1244	0.274340	-10.649735
1245	0.345886	-10.361640
1246	0.281868	-10.571261
1247	0.177750	-10.755328
1248	0.259767	-10.574720
1249	0.262471	-10.515308
1250	-0.015289	-10.950272
1251	-0.153299	-11.050795
1252	0.018034	-10.877237
1253	-0.417703	-11.542193
1254	-0.367489	-11.364798
1255	-0.536360	-11.313919
1256	-0.591720	-12.201577
1257	-0.440325	-11.325289
1258	-0.280115	-11.203603
1259	-0.489715	-12.257768
